0 39 6 43 17 56 65 36 44 44 64 78 2 40 25 61
93 0 56 8 77 2 54 27 49 33 31 9 22 89 75 16
86 14 0 89 28 31 11 60 34 21 70 98 99 72 3 23
32 96 45 0 7 72 47 61 100 96 94 97 71 83 85 45
65 36 25 19 0 31 23 30 91 57 17 60 54 15 99 57
4 30 18 49 37 0 90 96 64 55 57 58 18 27 6 69
39 71 5 64 56 2 0 87 53 93 43 70 18 63 86 83
86 90 13 3 5 16 60 0 0 81 81 24 4 65 51 77
34 90 13 5 54 69 7 6 0 21 66 50 58 50 79 43
33 65 99 12 34 3 95 94 71 0 75 41 95 45 5 11
21 5 68 34 77 88 3 50 94 91 0 82 43 48 99 22
57 31 53 22 9 87 92 3 47 62 45 0 88 22 90 59
0 78 65 68 11 7 55 81 58 48 38 39 0 58 52 3
46 9 0 99 31 9 85 22 80 98 51 24 85 0 39 80
10 39 57 75 6 69 48 27 15 72 76 53 78 100 0 5
81 45 14 82 43 11 91 94 100 70 92 16 60 42 56 0