0 30 19 96 24 8 2 29 42 100 91 14 80 79 98 54 6 6 48 3
40 0 95 72 83 17 0 29 64 8 56 24 46 86 9 7 76 18 77 4
60 76 0 61 40 56 5 3 76 78 9 90 47 50 51 18 32 68 85 27
98 60 84 0 22 5 35 98 80 11 15 56 82 41 31 9 81 53 14 85
29 59 60 85 0 5 76 35 24 74 70 8 68 67 34 51 55 40 52 53
86 63 68 41 11 0 76 38 20 56 92 0 6 87 59 33 71 65 75 73
55 49 8 29 83 75 0 64 100 97 70 51 49 55 81 83 96 92 58 100
78 81 91 78 87 43 3 0 86 81 34 61 19 89 76 27 84 58 1 47
57 98 16 7 12 37 88 62 0 32 45 19 99 22 66 89 67 19 99 70
4 79 70 31 64 58 6 91 7 0 64 58 55 87 22 37 61 34 75 48
62 73 60 48 71 82 13 26 14 32 0 91 84 3 35 19 34 99 77 7
89 85 37 12 5 24 34 8 85 35 49 0 99 97 89 58 44 59 6 58
51 20 56 7 71 59 42 90 60 40 33 67 0 95 17 3 7 89 27 7
97 78 42 46 77 5 34 34 49 59 40 73 77 0 61 29 84 98 54 26
87 13 32 19 80 94 2 50 0 91 77 74 54 55 0 16 66 31 21 66
31 36 24 38 76 67 65 71 17 62 24 43 48 4 41 0 34 50 34 36
100 0 94 43 75 13 98 57 79 95 44 44 25 46 34 29 0 21 1 94
92 85 55 83 94 70 87 34 3 2 35 5 2 35 99 45 76 0 11 8
99 56 2 8 100 94 55 0 90 76 1 83 34 52 4 16 45 74 0 69
79 43 71 13 48 39 15 13 50 57 91 58 56 47 26 64 12 87 18 0